100
1 1 
2 1 2 
2 2 3 
3 2 3 4 
2 3 4 
5 1 3 4 5 6 
5 1 3 4 5 7 
3 1 4 8 
2 2 7 
5 1 4 8 9 10 
8 1 2 4 5 6 8 9 10 
5 2 4 5 10 11 
6 4 5 8 10 11 71 
6 2 4 6 10 11 14 
6 2 4 10 13 14 15 
10 1 2 3 4 6 9 10 11 13 16 
7 1 3 7 8 11 15 16 
3 1 5 15 
4 6 10 12 14 
11 1 3 6 7 9 12 13 14 17 18 19 
5 1 3 4 8 9 
4 8 19 21 22 
3 2 6 8 
12 2 5 8 9 13 14 18 19 21 22 23 24 
4 4 18 21 22 
9 1 2 8 9 10 13 16 19 20 
6 5 6 18 19 25 27 
7 1 12 13 18 22 23 26 
7 1 9 14 18 21 23 28 
7 7 8 24 26 28 30 33 
8 7 10 11 15 26 27 29 31 
6 15 17 18 25 27 29 
6 2 8 19 25 27 30 
5 5 6 13 17 28 
3 19 31 34 
7 2 19 20 30 31 32 54 
6 4 7 21 31 32 35 
5 3 6 7 10 32 
5 4 10 11 12 30 
8 6 10 11 18 22 30 33 37 
8 9 21 25 28 30 34 40 43 
8 4 16 18 21 27 29 33 37 
7 1 5 16 20 24 30 37 
5 2 7 18 22 38 
6 6 13 19 25 30 34 
7 14 15 17 32 35 37 43 
6 2 3 20 38 39 42 
9 7 16 19 27 29 30 37 38 44 
9 3 5 14 18 24 34 36 43 47 
9 2 5 8 9 23 29 39 44 49 
3 13 34 47 
5 17 18 20 28 52 
7 1 3 4 33 37 41 52 
9 4 11 15 19 22 23 25 41 42 
5 9 12 21 36 44 
8 4 11 17 23 25 31 32 36 
6 16 35 39 40 49 54 
6 7 35 40 44 56 89 
3 17 25 32 
4 7 26 50 55 
5 8 34 49 56 58 
10 7 9 16 33 44 46 50 54 57 61 
5 2 22 42 46 58 
11 4 7 9 19 22 24 31 44 52 56 59 
3 23 42 57 
9 4 5 29 31 38 46 56 60 64 
6 9 18 19 35 38 45 
9 9 11 20 34 45 53 60 64 68 
6 4 22 34 36 41 48 
5 25 29 52 54 65 
6 14 16 51 59 66 68 
7 11 14 29 37 54 64 69 
8 6 15 23 28 42 59 72 73 
6 2 13 22 38 39 66 
8 10 14 21 26 37 44 70 72 
9 12 22 28 30 48 57 59 69 75 
7 8 23 26 28 46 47 76 
6 5 30 32 50 60 70 
9 1 11 20 29 32 44 46 52 56 
8 6 24 38 44 60 62 68 86 
6 6 28 46 59 70 76 
3 20 42 62 
6 9 50 53 74 77 79 
5 33 38 60 70 80 
9 24 34 49 54 57 63 72 78 85 
7 18 27 42 46 54 62 69 
5 6 26 39 59 87 
2 12 21 
6 4 13 27 40 51 73 
6 8 10 13 14 23 77 
6 14 70 74 85 90 91 
7 10 12 14 19 34 64 86 
5 13 17 21 61 80 
1 79 
7 1 15 19 26 46 74 85 
5 26 40 45 68 92 
8 1 9 17 55 61 72 84 87 
5 17 24 50 63 85 
4 27 41 47 60 
5 1 22 44 74 97 
