100
1 1 
2 1 2 
3 1 2 3 
3 1 3 4 
2 1 2 
3 1 2 6 
5 1 2 3 5 7 
6 2 3 4 6 7 8 
3 1 2 8 
7 1 3 4 5 7 8 10 
8 2 3 4 5 6 7 8 9 
4 4 9 10 11 
4 4 5 6 13 
4 2 3 8 13 
5 3 4 9 14 15 
3 4 10 12 
5 7 9 10 14 17 
6 7 9 10 12 13 14 
7 2 4 8 9 12 13 16 
5 1 9 12 13 16 
6 3 5 7 9 12 16 
5 3 7 9 14 17 
7 4 6 13 15 18 19 23 
3 4 7 21 
3 22 24 25 
8 6 8 10 17 18 19 25 26 
10 1 8 11 14 15 16 19 20 24 26 
5 4 18 19 21 25 
5 5 7 12 14 28 
6 10 11 15 17 22 26 
7 7 11 13 17 19 23 24 
3 6 10 30 
9 2 5 7 8 9 10 17 20 26 
6 21 23 24 28 29 34 
5 1 7 14 27 29 
6 3 5 17 23 31 33 
9 2 4 10 13 22 25 29 30 34 
12 2 3 4 12 13 14 17 19 26 28 29 34 
3 3 8 24 
7 7 8 20 28 35 37 39 
3 8 26 34 
7 3 10 20 25 29 30 40 
7 3 8 9 13 24 25 30 
9 9 14 15 21 25 27 30 33 34 
5 2 17 23 26 45 
6 1 11 14 18 37 40 
4 6 18 20 35 
5 11 16 22 36 40 
12 7 8 11 19 20 21 22 24 28 31 33 45 
5 22 34 37 48 49 
5 13 15 16 36 47 
7 19 25 34 44 47 48 51 
7 2 5 6 8 21 23 39 
8 2 5 15 28 35 36 42 50 
6 19 29 41 42 44 55 
6 8 14 15 26 35 49 
6 2 4 18 30 37 43 
5 13 21 28 31 49 
7 5 6 7 10 16 17 38 
3 25 38 52 
7 8 43 44 47 54 57 60 
5 21 25 37 43 49 
7 4 5 8 11 18 32 42 
6 34 42 43 44 48 56 
9 2 29 32 33 39 42 44 46 55 
10 8 10 11 14 21 23 46 54 57 58 
10 3 9 20 22 33 40 45 49 61 66 
4 15 17 25 47 
9 12 13 19 29 31 40 45 60 66 
5 42 43 48 68 69 
10 6 9 11 18 20 23 41 43 47 59 
8 4 24 26 48 53 60 63 67 
5 6 24 37 46 51 
7 2 4 18 20 21 34 55 
9 10 12 34 35 39 53 64 70 72 
5 6 20 52 63 74 
7 2 11 39 49 53 67 69 
5 9 33 36 58 66 
5 6 16 17 63 71 
2 42 50 
8 2 10 13 15 32 50 53 55 
7 19 33 39 41 67 76 80 
8 4 39 46 49 51 70 76 81 
6 15 41 52 54 55 69 
6 10 24 36 70 71 74 
8 8 11 21 27 34 39 40 56 
5 22 33 40 51 87 
3 3 60 61 
6 21 23 32 52 53 66 
9 8 19 30 33 36 40 66 67 76 
4 10 39 43 64 
11 7 15 20 24 27 40 57 58 62 70 76 
9 12 14 17 20 51 55 67 73 93 
5 1 11 38 56 81 
9 2 52 53 61 64 68 71 83 85 
3 1 77 95 
4 48 70 72 90 
8 5 18 23 47 49 70 71 86 
6 6 13 31 54 60 92 
6 15 33 45 47 54 84 
