100
1 1 
2 1 2 
2 2 3 
4 1 2 3 4 
5 1 2 3 4 5 
3 3 5 6 
7 1 2 3 4 5 6 7 
4 2 4 6 7 
4 2 5 6 8 
6 2 3 4 5 8 9 
6 3 4 6 8 9 10 
6 1 2 3 7 9 11 
6 1 4 8 10 12 13 
5 3 8 11 12 14 
5 3 9 10 11 15 
4 1 4 6 13 
6 3 4 7 8 10 16 
5 7 10 12 13 14 
4 4 5 6 14 
5 8 15 16 19 20 
4 2 3 6 9 
4 1 4 14 19 
6 2 4 7 9 12 23 
6 5 7 11 14 19 22 
4 2 3 6 18 
7 4 8 16 19 21 22 26 
2 13 15 
3 11 20 28 
3 5 15 27 
4 5 9 18 21 
7 2 11 14 17 18 26 28 
11 1 4 8 9 11 22 25 27 28 30 31 
7 3 10 11 18 22 32 33 
7 2 10 12 18 22 25 27 
9 3 4 10 11 18 21 28 30 33 
2 1 20 
5 5 14 17 22 36 
8 1 2 7 12 18 23 33 36 
5 6 7 10 33 39 
8 4 12 13 20 28 29 34 69 
7 6 7 10 12 14 16 18 
7 6 7 22 24 31 34 35 
6 8 13 16 21 38 43 
6 3 14 18 28 35 41 
7 5 13 17 19 29 34 37 
5 8 13 19 24 43 
9 6 13 14 16 17 25 34 35 47 
8 2 12 14 15 22 30 37 46 
8 2 5 9 15 26 36 42 48 
12 1 11 14 17 18 25 26 27 34 36 37 44 
3 39 49 51 
6 14 18 25 33 39 43 
7 1 12 13 24 25 39 51 
5 10 27 36 44 45 
7 2 16 18 28 31 35 38 
1 19 
7 5 8 17 19 32 44 46 
6 18 34 35 45 53 56 
10 8 11 12 14 23 28 34 36 40 58 
4 42 46 48 52 
9 2 15 19 31 35 42 46 60 61 
3 8 17 60 
7 1 12 13 15 23 32 54 
11 1 3 10 12 28 29 30 45 51 55 56 
6 6 7 8 9 29 60 
5 1 7 19 38 57 
11 7 11 12 23 24 39 42 44 48 50 57 
6 6 8 23 54 60 61 
9 4 16 18 21 26 39 40 55 65 
6 1 18 19 29 30 62 
4 17 23 27 66 
8 1 9 19 25 32 60 67 68 
7 12 14 23 28 35 43 58 
9 9 15 18 27 29 42 56 57 65 
7 3 6 10 26 46 71 75 
4 12 19 47 49 
6 10 14 17 27 52 73 
6 6 10 24 26 58 72 
4 11 24 55 63 
8 1 17 19 25 29 44 46 56 
6 2 39 41 54 72 81 
8 6 20 23 35 43 54 62 73 
4 4 33 70 75 
5 27 30 32 40 77 
8 1 37 42 50 53 62 77 82 
5 7 20 41 73 84 
2 54 83 
7 13 26 31 45 63 68 69 
7 19 30 44 48 51 63 89 
9 2 15 22 36 42 64 79 81 90 
10 1 18 21 29 34 43 55 60 74 77 
7 5 25 66 68 80 84 86 
5 1 4 13 64 91 
5 21 28 33 41 47 
5 24 42 54 59 65 
7 1 22 36 41 43 55 61 
9 1 13 16 55 56 68 70 88 92 
6 21 51 59 72 75 84 
10 11 13 20 27 39 53 70 74 85 90 
6 15 17 46 79 82 94 
