1000
1 1 
2 1 2 
3 1 2 3 
4 1 2 3 4 
5 1 2 3 4 5 
6 1 2 3 4 5 6 
5 1 4 5 6 7 
3 2 5 6 
3 3 4 6 
5 1 3 4 9 10 
9 1 2 4 5 6 7 8 9 10 
6 1 3 7 10 11 12 
6 5 6 8 9 11 12 
6 3 5 6 8 12 14 
8 2 5 7 9 10 11 13 14 
12 1 2 3 4 7 8 10 11 12 13 14 16 
9 1 5 7 8 9 11 12 16 866 
6 9 12 13 15 17 18 
7 1 7 10 15 16 18 19 
12 1 4 6 7 8 9 10 14 16 17 18 19 
9 8 10 11 13 14 16 19 20 21 
11 2 3 6 7 8 12 13 14 19 21 22 
5 6 9 13 14 16 
4 2 7 18 22 
8 1 5 13 14 18 19 20 21 
7 5 6 7 9 13 15 24 
17 1 2 4 5 6 9 10 12 13 14 16 19 21 22 24 27 706 
5 1 12 17 25 27 
9 2 5 7 11 13 15 20 23 24 
12 2 4 6 10 11 13 19 21 26 27 28 30 
11 2 5 6 8 11 12 14 16 19 25 31 
8 1 8 12 15 18 20 26 28 
9 4 8 12 14 15 18 24 28 30 
13 3 4 8 10 11 15 17 21 22 25 28 30 32 
8 7 11 14 17 18 22 30 35 
10 2 9 10 12 14 21 26 27 31 35 
8 5 7 14 21 24 29 32 696 
15 3 5 7 10 11 15 16 23 27 28 29 31 32 35 871 
11 1 3 5 6 13 15 26 28 33 34 37 
10 3 9 17 20 25 29 31 32 39 40 
4 5 8 10 23 
6 1 9 16 19 22 30 
12 7 9 12 21 26 28 29 31 32 39 40 43 
8 2 5 8 13 32 34 36 41 
12 5 13 18 19 21 27 29 33 36 38 40 42 
7 4 9 24 32 36 37 38 
9 8 9 17 21 29 36 38 44 46 
5 9 10 20 32 34 
5 6 28 35 40 46 
13 3 7 8 11 20 24 27 28 30 35 40 45 50 
7 8 17 31 40 44 45 48 
8 13 17 20 29 45 46 51 77 
6 11 12 20 25 36 49 
6 1 11 32 44 45 49 
10 9 18 20 22 26 35 36 44 51 54 
11 3 5 9 24 34 36 37 38 45 46 52 
10 9 13 21 26 31 33 34 39 52 56 
8 4 11 16 17 27 48 51 54 
10 2 5 17 25 38 39 42 50 57 58 
13 5 6 8 15 16 25 26 32 36 49 50 52 56 
5 4 15 17 49 55 
11 7 12 18 19 31 40 43 44 47 53 62 
8 13 16 17 23 37 42 48 60 
9 8 20 29 34 43 50 51 52 58 
9 10 14 17 22 23 29 61 62 64 
5 2 8 34 62 63 
10 14 24 35 41 42 45 51 57 59 65 
12 3 16 21 22 30 32 51 56 58 61 62 66 
12 9 11 14 39 40 44 50 53 54 62 66 176 
8 9 14 43 45 51 52 58 66 
7 6 19 25 26 36 62 67 
12 12 17 24 27 36 41 46 53 58 60 62 71 
13 3 9 16 17 21 24 26 35 39 59 60 69 71 
13 2 5 6 11 16 17 22 27 34 54 60 63 70 
10 4 22 28 30 32 33 34 61 69 71 
8 7 8 11 14 37 47 54 76 
10 15 17 20 22 47 55 57 59 68 74 
13 1 8 10 13 20 29 43 49 50 56 59 65 66 
7 27 36 42 51 55 57 75 
10 10 13 15 24 32 40 66 69 75 79 
11 1 13 15 19 31 44 49 56 61 68 81 
3 50 54 66 
14 1 6 15 22 24 32 39 47 62 63 71 74 76 83 
12 7 9 13 20 26 27 42 58 59 63 66 74 
11 7 8 13 16 56 66 74 76 77 80 286 
11 11 14 19 20 22 26 56 63 69 71 82 
10 4 11 32 37 41 63 66 68 77 82 
9 1 14 27 49 60 62 77 84 85 
6 15 22 40 57 68 76 
11 11 15 24 52 53 66 67 74 75 77 88 
9 8 12 23 31 46 59 65 74 91 
9 6 7 9 13 21 35 55 80 88 
12 1 7 9 12 17 20 23 43 56 64 72 85 
7 22 23 25 26 47 74 90 
7 9 13 34 54 80 82 85 
9 3 5 20 22 24 40 56 69 90 
11 8 31 42 47 50 63 67 73 74 93 95 
8 7 18 36 59 63 77 81 88 
8 46 55 62 68 70 77 80 86 
11 8 12 18 23 30 38 42 43 45 55 65 
14 4 21 23 25 33 40 46 49 61 65 66 67 90 93 
5 13 51 52 78 94 
10 12 20 32 34 45 46 56 63 72 96 
8 10 16 56 59 67 74 78 100 
5 18 28 67 79 83 
11 3 22 24 39 55 59 69 73 85 94 97 
10 6 16 21 51 61 62 79 99 104 105 
7 26 31 53 74 77 86 96 
14 2 27 34 43 57 66 67 72 76 83 84 85 86 90 
12 9 10 38 39 55 56 57 61 69 70 72 97 
12 3 4 18 26 43 57 59 61 65 81 91 106 
7 3 15 54 77 88 95 104 
6 13 34 52 83 86 112 
8 18 32 58 72 92 103 107 110 
11 9 20 28 64 67 71 76 91 93 99 105 
14 4 6 12 24 25 37 40 44 60 69 70 87 104 112 
16 2 12 16 18 39 45 46 51 52 69 76 81 92 99 113 115 
11 2 6 22 27 37 50 76 84 99 103 118 
4 69 72 82 87 
4 24 25 26 43 
17 9 18 24 27 36 41 45 47 48 51 55 65 70 77 92 98 107 
8 10 14 18 41 67 69 71 76 
17 3 14 22 25 29 36 46 47 55 56 62 67 71 77 78 89 122 
8 3 24 30 42 81 100 108 113 
10 8 9 22 41 54 74 86 87 92 116 
9 15 16 48 58 66 110 113 120 762 
5 45 63 64 75 121 
7 8 9 34 56 75 88 375 
11 19 59 75 84 85 90 93 99 103 110 118 
8 19 35 36 82 89 97 114 118 
8 19 21 38 44 46 61 93 115 
12 15 17 22 28 32 40 52 58 74 107 126 607 
9 19 36 37 38 56 78 100 109 127 
10 18 23 61 63 76 96 110 116 126 127 
8 31 62 73 78 82 91 102 107 
14 8 14 21 24 28 29 30 33 52 65 85 91 127 129 
9 46 48 64 65 87 98 114 115 125 
10 18 21 31 35 72 82 89 94 110 124 
12 15 16 20 34 71 103 106 112 117 129 134 135 
12 19 32 47 66 68 87 89 95 103 113 122 137 
14 19 21 28 62 66 68 69 76 79 82 102 111 118 130 
9 25 39 55 100 112 119 128 131 837 
9 4 8 26 29 30 45 79 81 136 
11 1 14 23 25 46 96 107 109 113 128 142 
13 3 7 12 13 18 66 72 106 108 122 125 132 138 
11 13 15 57 67 76 81 90 98 120 124 142 
13 11 16 47 62 74 96 100 108 110 114 118 128 145 
11 34 47 53 65 67 77 90 99 101 110 128 
13 38 47 56 63 78 81 82 92 95 113 118 123 148 
6 29 39 59 62 101 148 
10 1 23 28 42 70 113 116 129 150 640 
8 56 74 82 85 95 118 140 146 
7 27 42 63 82 93 99 123 
8 29 31 65 105 114 116 121 148 
13 16 25 34 47 59 75 100 104 117 122 130 141 144 
6 29 46 68 89 99 110 
5 13 17 25 42 151 
5 23 33 97 121 158 
10 16 31 41 51 70 87 91 118 136 154 
9 1 3 7 21 28 52 62 116 239 
11 6 28 63 66 85 91 139 140 142 151 155 
6 38 41 56 100 103 110 
12 9 24 34 53 55 58 82 115 122 131 148 156 
16 14 18 51 53 63 85 96 107 110 117 134 136 150 160 164 970 
7 1 12 18 28 30 82 91 
10 4 15 16 17 42 67 78 96 121 157 
11 4 22 42 50 58 64 70 113 120 124 161 
5 17 103 109 141 166 
10 16 21 42 52 55 70 107 133 141 147 
9 11 18 56 59 113 119 135 150 170 
8 20 36 38 64 68 98 132 157 
12 1 37 39 40 82 92 93 103 109 112 123 131 
12 20 45 56 60 62 106 108 117 143 147 161 167 
3 13 51 133 
12 47 61 87 101 110 121 132 146 148 157 165 345 
12 1 4 25 75 79 90 103 136 145 161 171 176 
5 3 87 103 127 136 
8 11 50 75 86 87 118 138 160 
5 5 42 54 89 177 
14 29 42 45 52 75 94 100 101 104 134 139 142 153 169 
12 14 21 25 50 69 70 83 93 99 116 120 133 
9 62 64 77 118 120 124 130 158 176 
8 17 37 56 74 100 116 133 183 
11 21 26 50 57 60 104 113 126 140 172 176 
8 24 46 64 76 86 96 135 157 
8 55 78 97 100 101 130 136 176 
14 23 25 27 40 42 68 81 97 110 130 143 146 158 173 
12 21 45 46 56 83 93 102 132 141 143 147 181 
9 17 23 30 42 51 62 79 115 119 
14 6 7 20 47 54 55 59 74 81 109 127 132 169 188 
7 13 65 68 81 137 139 150 
12 12 17 20 102 113 117 142 144 150 168 171 189 
8 20 31 48 50 73 105 174 175 
10 7 18 29 65 78 100 103 129 171 190 
10 48 50 69 75 83 84 100 152 162 168 
7 1 8 40 59 69 104 133 
14 2 10 16 47 72 98 105 124 140 167 168 184 189 195 
6 21 37 64 83 118 130 
12 2 13 21 57 62 66 68 80 141 163 180 181 
11 33 44 73 81 91 92 105 122 169 188 362 
11 21 34 35 66 67 87 91 110 167 173 198 
12 2 4 5 26 52 68 125 145 182 190 195 200 
6 65 101 122 124 161 176 
12 2 35 38 58 71 81 85 94 109 137 186 776 
9 13 30 74 84 99 112 131 162 952 
7 9 88 95 114 190 201 202 
8 30 32 66 132 143 163 167 190 
13 25 29 38 39 43 51 62 63 81 122 126 143 202 
9 16 21 42 52 58 69 108 155 160 
8 5 22 59 71 87 97 159 163 
9 16 29 38 52 86 158 164 195 196 
12 11 19 47 49 57 58 61 72 96 135 139 192 
11 2 3 58 63 74 111 125 126 139 153 167 
9 10 20 22 88 104 114 155 182 212 
10 14 49 96 117 121 148 160 171 174 176 
11 26 48 70 71 93 112 130 137 166 179 196 
7 25 73 80 130 167 190 197 
8 1 25 50 72 89 96 108 115 
9 3 7 15 37 77 139 152 168 257 
6 52 68 88 146 188 214 
10 71 72 81 109 119 121 174 175 196 215 
9 15 28 83 88 117 123 171 174 191 
12 8 13 27 33 80 89 131 134 142 165 169 177 
9 6 8 11 26 87 89 95 157 215 
10 28 63 83 109 149 157 169 183 197 225 
9 84 114 118 129 145 149 166 184 217 
8 12 36 90 104 125 144 155 214 
12 1 16 28 35 39 82 85 113 175 196 209 220 
9 9 66 75 89 139 166 182 193 223 
6 8 44 70 127 135 200 
10 1 18 54 76 78 106 167 198 209 281 
8 14 23 44 107 141 174 185 223 
14 46 50 56 70 93 118 147 150 151 168 189 196 227 544 
8 12 54 82 84 91 135 136 152 
12 6 23 106 119 120 123 137 151 154 179 188 219 
13 1 29 79 80 83 135 136 151 176 185 206 211 226 
11 1 31 72 158 169 175 180 189 201 205 212 
8 39 107 113 118 157 159 184 197 
8 8 9 49 90 113 163 177 234 
14 2 7 14 25 56 74 84 91 111 127 154 180 211 228 
8 15 25 132 133 157 171 176 241 
12 9 57 81 97 102 106 115 165 176 196 211 227 
7 83 89 91 109 118 126 221 
16 31 37 54 60 73 78 81 112 121 149 152 172 179 181 216 239 
10 4 72 82 98 109 114 155 162 184 210 
9 15 43 80 81 103 122 171 220 244 
13 1 57 61 78 109 113 118 167 186 193 206 216 229 
11 20 30 90 110 122 129 138 151 174 209 763 
15 3 14 32 40 54 58 114 122 134 136 142 173 191 218 732 
7 32 64 92 95 225 241 244 
8 3 36 43 47 214 239 240 245 
12 17 84 108 110 117 125 127 166 168 222 245 970 
7 36 41 127 180 187 207 227 
10 15 66 91 97 98 101 142 143 157 229 
13 1 16 18 20 21 50 62 71 122 124 146 183 199 
8 50 85 98 143 180 187 221 236 
8 3 12 44 95 164 190 194 211 
4 46 58 114 163 
9 1 40 93 99 163 176 209 253 709 
12 16 64 86 96 103 116 131 148 203 223 225 253 
6 41 47 138 188 193 250 
8 2 4 23 69 92 98 115 213 
9 4 17 46 56 59 94 139 152 190 
10 31 35 62 132 170 173 194 212 240 258 
9 36 63 88 91 175 177 178 220 236 
7 30 36 101 127 130 186 265 
8 33 43 101 141 176 194 232 615 
6 8 78 125 183 214 251 
12 32 58 80 91 122 176 206 213 223 242 252 261 
12 34 40 71 86 117 124 136 161 185 233 237 507 
12 32 66 69 72 109 117 120 130 137 212 232 236 
9 66 69 73 117 170 182 224 233 248 
17 33 40 42 73 83 86 88 94 145 146 151 166 191 198 208 225 264 
6 10 46 76 111 134 155 
8 44 76 106 111 132 161 167 260 
10 6 22 30 109 130 136 140 192 200 258 
7 59 61 62 66 139 163 232 
8 12 76 162 166 168 190 257 266 
10 53 90 123 152 179 223 224 225 250 274 
8 21 58 147 175 179 183 208 217 
7 4 176 187 208 244 253 258 
12 15 29 45 65 79 93 94 140 204 206 224 271 
12 50 59 94 141 145 172 175 216 231 246 248 459 
13 4 50 63 94 125 130 169 172 190 193 205 257 260 
6 72 160 239 261 265 270 
7 6 7 102 108 152 226 245 
8 11 34 61 74 142 152 166 260 
9 10 48 51 57 58 89 98 134 280 
10 36 70 125 143 152 181 205 239 240 289 
16 8 13 35 64 104 112 113 132 143 148 161 188 190 251 253 273 
8 24 26 39 45 82 126 190 241 
9 7 25 29 52 135 139 156 202 235 
8 65 82 83 140 180 264 289 292 
7 21 28 155 158 231 237 290 
19 2 11 13 51 71 85 124 125 141 150 154 168 177 205 233 248 251 278 295 
9 9 55 61 85 154 158 160 184 272 
5 12 13 109 111 148 
15 2 5 49 63 77 84 90 121 134 149 162 172 194 219 235 
11 19 20 48 73 77 151 162 193 214 256 291 
12 45 55 84 89 133 153 155 158 215 223 269 293 
12 36 70 112 157 166 179 230 244 247 281 285 549 
12 23 68 71 104 146 171 192 196 242 251 264 302 
5 77 235 252 270 286 
15 5 40 96 100 102 123 127 147 162 176 200 249 254 261 267 
19 20 34 64 85 91 140 161 165 171 172 173 175 227 239 241 256 276 296 911 
12 2 19 89 126 152 171 172 191 200 207 210 298 
5 47 87 149 178 271 
14 6 40 75 88 128 156 185 204 222 225 239 261 266 300 
6 18 83 88 136 240 304 
8 53 69 82 94 141 213 215 245 
10 63 66 89 99 108 134 149 205 266 271 
13 57 89 95 112 125 140 157 197 198 215 220 232 233 
13 7 15 39 45 96 134 150 208 253 264 267 273 308 
9 14 60 88 92 101 104 156 234 292 
5 21 45 63 255 283 
10 30 54 84 91 110 155 221 245 254 261 
10 51 57 60 202 231 266 291 297 298 315 
10 19 36 96 99 142 154 267 270 287 302 
8 53 111 149 175 204 228 286 290 
13 47 69 90 111 136 149 185 187 202 220 247 265 306 
9 43 82 126 151 160 181 224 226 301 
10 22 44 57 95 163 220 224 257 259 317 
6 16 46 136 198 203 525 
9 21 26 57 66 145 274 297 307 318 
8 13 22 90 178 190 244 268 272 
8 48 71 81 91 177 183 211 254 
12 41 51 66 115 134 155 162 258 259 264 291 312 
10 14 77 90 141 176 202 232 277 286 320 
9 49 53 66 121 211 218 234 252 318 
6 20 35 57 59 161 223 
14 62 100 102 126 131 144 160 208 217 227 258 276 277 297 
12 8 12 21 48 91 135 185 223 236 258 271 325 
10 67 79 103 121 146 151 173 253 267 303 
7 7 27 35 139 179 190 233 
14 3 16 56 93 123 162 188 197 212 267 273 301 309 311 
12 7 56 77 105 118 129 174 239 294 303 308 315 
11 2 17 20 79 93 103 115 153 230 302 328 
7 64 70 144 169 233 247 253 
16 4 64 75 90 112 116 138 147 148 153 226 236 243 250 269 325 
10 33 105 132 159 168 194 208 235 266 267 
12 10 16 31 79 104 168 184 209 235 274 314 317 
9 22 80 111 135 164 208 211 251 286 
15 28 63 78 91 95 104 123 155 177 193 237 247 269 290 966 
13 14 36 49 78 135 157 186 194 219 220 237 238 262 
14 4 92 108 115 129 131 166 208 243 276 279 300 306 336 
8 5 83 147 152 188 208 264 282 
12 6 7 29 205 212 216 243 250 286 290 317 321 
8 41 88 91 115 204 238 279 281 
7 66 103 129 161 222 283 323 
9 12 100 116 129 133 171 182 325 328 
6 29 119 162 253 293 296 
10 32 53 82 94 98 133 175 233 253 333 
8 192 250 273 293 301 321 343 350 
11 37 90 164 230 242 261 263 296 336 337 352 
9 9 41 56 180 268 273 303 328 347 
9 56 83 143 155 216 232 245 320 339 
12 22 97 110 121 124 145 166 202 233 240 248 346 
11 5 37 47 108 157 185 204 215 264 285 328 
9 105 179 205 226 248 280 293 298 320 
9 9 56 57 146 175 298 316 334 342 
12 20 55 128 172 199 227 246 262 311 313 353 953 
12 22 50 79 85 87 125 134 139 192 301 311 761 
7 32 60 83 136 169 222 292 
9 82 120 151 195 259 280 311 330 332 
5 33 59 88 153 178 
15 5 90 99 145 150 207 222 231 238 246 292 305 319 344 821 
13 12 15 37 81 83 85 92 115 118 141 254 288 331 
14 6 47 53 54 91 154 158 191 198 226 262 286 314 322 
13 16 119 126 127 134 197 208 209 219 253 261 279 337 
13 12 45 50 105 153 212 265 296 312 322 323 337 366 
6 46 63 192 243 301 310 
12 20 69 178 201 234 240 263 269 270 283 309 317 
18 12 28 31 95 98 141 145 156 158 162 195 205 207 254 256 261 279 327 
11 2 18 77 80 115 147 156 181 194 258 351 
14 62 67 84 91 143 145 150 160 169 212 239 299 340 368 
16 20 33 34 40 59 77 109 118 192 228 261 267 285 286 337 370 
13 23 76 120 138 158 172 190 221 230 262 283 315 326 
11 17 42 64 81 105 128 220 240 273 282 295 
12 43 46 55 93 123 124 145 159 168 320 352 370 
5 86 113 174 186 357 
7 6 42 166 186 202 245 285 
12 60 112 177 235 275 286 311 315 323 338 344 365 
9 50 113 245 279 286 303 346 356 929 
8 85 130 141 159 222 277 354 365 
15 16 34 88 99 178 189 195 221 223 242 249 293 321 323 361 
11 16 117 119 122 177 248 323 367 379 381 788 
14 70 113 121 148 150 190 204 247 270 274 297 302 378 384 
17 24 31 38 56 74 84 93 101 139 146 158 183 200 216 225 256 344 
7 81 169 188 285 310 339 990 
10 32 57 59 95 120 147 157 194 239 316 
7 24 144 174 228 241 298 385 
8 28 195 226 254 280 329 331 357 
8 3 11 121 291 310 324 325 327 
7 77 108 161 185 259 298 304 
12 20 39 45 48 87 91 103 160 255 265 290 319 
9 92 114 118 123 281 362 374 375 390 
7 44 89 118 139 186 218 380 
11 65 131 158 160 171 247 249 265 340 378 395 
10 28 65 68 82 84 118 131 225 241 398 
13 6 41 69 70 138 151 172 188 196 243 322 336 370 
8 32 85 101 195 299 333 346 363 
11 5 72 124 155 170 188 242 305 317 342 358 
12 12 88 108 109 112 118 120 155 183 310 337 360 
14 47 119 150 189 233 294 295 304 306 338 351 377 391 417 
7 45 187 197 208 310 335 343 
8 70 127 177 213 234 317 362 400 
5 65 71 90 218 229 
12 54 94 98 133 147 155 201 231 265 302 353 711 
13 9 90 97 123 135 152 158 163 248 285 345 384 389 
8 16 120 224 302 327 360 366 378 
9 10 30 109 140 237 243 294 312 376 
11 6 89 137 141 179 217 271 302 322 343 369 
8 37 182 223 246 247 248 307 405 
8 49 51 61 70 183 195 266 390 
12 44 67 83 93 159 250 258 276 291 299 338 404 
7 4 92 122 181 194 272 344 
10 17 33 40 255 285 337 346 362 367 380 
13 55 68 90 98 111 141 159 184 285 331 372 391 410 
7 29 36 92 224 232 279 377 
8 48 74 82 93 127 147 368 379 
13 51 80 103 164 166 217 238 257 288 291 301 334 396 
6 20 57 111 158 199 292 
11 33 94 127 140 151 183 192 208 405 414 418 
13 28 56 62 141 162 186 270 304 309 329 351 372 398 
13 50 115 121 193 229 275 284 288 313 335 349 377 388 
3 24 184 382 
9 146 168 222 241 242 258 344 393 403 
5 79 164 174 194 296 
9 47 61 78 193 231 251 258 398 405 
10 20 223 230 231 282 293 311 347 380 389 
10 82 119 163 199 204 256 265 276 309 368 
12 66 109 113 119 144 184 193 286 304 365 385 392 
9 82 97 109 161 292 355 361 405 417 
14 4 76 91 118 206 237 255 262 292 324 333 355 395 592 
14 1 38 46 103 177 191 265 271 299 308 314 374 389 917 
14 10 19 37 40 88 157 229 269 287 297 309 311 330 377 
14 37 167 239 259 279 325 327 338 374 376 397 427 429 457 
16 39 87 97 110 139 189 192 197 200 242 246 248 251 400 431 437 
13 5 46 48 60 87 190 270 289 314 376 381 383 397 
10 19 52 128 151 215 264 300 332 417 426 
14 94 95 103 169 188 219 233 275 293 302 348 360 415 434 
12 58 91 110 148 160 187 291 297 309 314 318 358 
13 84 138 148 151 192 233 236 277 292 320 349 403 409 
19 28 78 86 181 199 216 239 248 266 315 361 371 383 389 391 418 431 434 463 
6 99 111 218 284 377 392 
7 191 304 371 397 407 414 439 
9 18 105 184 186 259 301 310 344 351 
10 35 71 106 135 170 203 204 253 279 337 
5 6 151 172 187 326 
13 78 79 101 128 145 184 244 247 273 279 340 349 358 
6 22 40 244 260 406 431 
15 41 58 66 119 134 147 192 198 208 277 295 354 385 391 397 
13 37 59 86 131 165 172 264 278 373 378 395 408 439 
8 70 222 267 271 293 309 414 436 
1 367 
6 20 29 176 258 297 379 
3 218 290 317 
7 266 273 298 316 348 372 398 
4 69 256 260 286 
12 16 56 102 261 280 352 353 354 400 441 446 458 
5 66 243 289 391 450 
14 34 54 114 152 169 195 204 225 250 260 268 329 379 419 
8 27 72 137 179 250 288 329 400 
7 69 81 94 169 210 234 395 
14 14 37 94 122 139 183 245 328 355 356 368 412 447 456 
10 11 117 139 160 249 250 257 300 319 437 
15 134 136 249 266 276 286 296 334 352 375 391 403 425 440 441 
16 43 45 65 70 72 92 102 133 167 200 252 326 364 403 424 439 
8 61 109 114 144 195 268 363 386 
9 20 110 147 202 234 271 343 456 457 
10 13 39 175 212 257 295 334 356 440 454 
11 83 93 129 227 230 236 239 276 327 468 472 
12 48 113 117 130 205 269 274 291 335 360 361 446 
11 47 53 79 174 253 266 341 377 460 466 488 
9 4 22 138 154 210 232 251 289 348 
10 43 116 200 226 228 304 318 362 402 424 
9 52 58 92 142 248 268 293 309 364 
13 14 16 82 146 150 189 214 234 239 292 307 371 382 
11 59 67 102 163 185 190 237 283 327 384 388 
12 31 39 41 202 206 244 255 302 306 336 387 409 
7 48 167 215 239 346 378 687 
14 10 23 59 70 147 164 184 226 271 310 351 392 393 444 
11 9 67 94 196 197 209 305 321 324 371 396 
9 139 167 199 236 303 326 334 390 463 
14 12 29 38 47 139 239 305 328 361 395 396 466 481 482 
12 81 137 184 244 253 374 414 416 433 444 481 484 
9 7 67 81 112 113 395 411 441 467 
15 13 44 46 81 115 158 179 244 249 252 296 379 391 420 441 
8 137 182 216 233 250 283 327 489 
7 10 27 35 168 376 403 442 
10 69 73 198 270 286 327 348 384 415 429 
6 113 241 249 302 305 380 
11 1 5 63 141 224 303 307 342 390 439 474 
7 31 125 151 205 351 358 453 
8 71 120 200 249 329 454 471 495 
13 44 93 131 221 243 249 250 285 313 419 430 434 458 
13 22 43 54 64 205 244 302 312 346 429 432 443 482 
9 4 25 37 45 68 172 181 314 411 
10 42 52 215 243 265 328 339 391 450 479 
9 65 74 92 132 194 321 380 405 476 
12 95 127 169 200 311 361 362 366 410 414 463 881 
13 4 11 28 57 77 137 139 228 247 269 278 348 415 
4 144 145 177 448 
11 127 135 173 178 233 236 237 357 370 374 483 
10 3 63 68 76 162 441 452 464 482 499 
11 94 110 161 171 223 224 272 350 388 432 468 
12 6 25 58 93 123 185 224 251 309 315 415 442 
9 118 153 180 214 218 282 343 426 501 
13 216 244 289 347 348 353 378 395 413 418 464 466 468 
7 99 147 150 258 299 483 485 
9 72 102 143 231 239 245 330 408 479 
8 5 53 154 163 259 271 288 390 
14 40 69 75 84 88 130 175 189 217 254 344 349 433 475 
7 124 163 196 394 428 492 507 
7 55 63 84 136 221 280 994 
9 80 185 201 202 254 289 368 383 404 
11 23 68 72 126 131 254 293 320 346 354 416 
14 16 87 96 107 133 146 259 293 336 356 378 410 463 508 
11 18 51 54 123 143 220 229 338 367 401 479 
11 30 40 96 110 144 165 222 246 249 433 466 
13 21 27 56 92 95 111 166 187 191 193 430 454 515 
9 56 71 106 138 289 329 396 450 480 
12 35 81 119 140 200 275 310 338 361 395 404 413 
6 151 302 311 394 450 514 
17 13 47 61 64 106 160 167 240 295 382 413 434 455 474 494 521 525 
14 6 36 46 50 77 252 265 275 302 344 362 376 387 494 
7 66 188 285 396 411 421 439 
15 54 68 112 172 188 226 306 339 352 367 374 376 380 463 515 
9 6 139 160 166 343 361 403 419 488 
16 30 143 175 197 210 215 291 347 359 363 408 422 423 452 503 947 
10 47 55 68 157 220 233 264 478 486 507 
17 15 20 84 105 106 144 192 200 220 263 337 350 388 397 415 438 456 
7 196 201 283 285 294 465 476 
12 43 106 107 156 165 228 250 333 348 411 479 504 
15 16 110 113 124 141 166 188 198 213 310 320 321 335 451 532 
11 37 106 135 145 152 185 308 380 403 417 533 
6 226 245 269 391 404 537 
10 65 80 142 143 164 178 212 390 411 493 
11 11 34 39 71 111 154 223 241 396 423 438 
9 40 256 265 290 299 336 362 377 476 
13 45 103 117 123 153 160 294 343 345 415 417 420 480 
15 53 136 156 170 184 212 237 281 321 330 332 358 400 502 541 
8 39 145 147 158 179 351 451 518 
10 55 83 158 226 258 343 382 412 423 535 
6 24 70 201 367 423 543 
3 26 134 300 
8 10 161 249 296 348 351 485 509 
10 36 39 126 232 261 316 432 482 488 514 
7 141 153 180 193 226 270 283 
15 13 61 79 87 163 199 266 281 327 365 378 403 406 490 500 
10 48 50 62 180 304 306 329 401 426 519 
10 19 96 174 176 190 244 298 415 454 472 
11 64 83 170 356 377 447 449 482 495 511 541 
14 5 87 112 145 149 162 166 216 233 240 386 387 516 553 
14 64 81 110 247 257 259 277 287 336 352 431 463 491 516 
11 34 45 62 71 98 220 240 291 334 337 367 
10 53 76 217 247 264 292 311 495 526 555 
12 81 113 181 189 219 273 425 428 442 447 487 496 
10 34 41 126 131 170 311 320 502 510 529 
11 17 64 66 275 300 325 410 412 434 445 546 
12 94 134 146 210 238 255 283 311 320 339 440 516 
6 3 89 116 363 511 520 
8 2 111 247 248 350 381 408 522 
5 190 242 413 422 463 
12 6 28 60 184 219 252 256 312 341 456 476 501 
9 63 154 177 229 314 396 456 488 554 
10 154 319 370 410 418 438 445 479 482 547 
8 49 166 178 268 459 473 552 950 
10 13 26 67 126 165 282 380 438 470 474 
9 129 152 287 310 398 473 481 486 492 
8 54 151 271 280 304 320 362 452 
10 87 140 182 238 262 368 390 460 465 560 
17 2 65 123 127 184 242 273 340 349 378 405 433 466 485 517 563 623 
13 88 105 177 195 289 329 332 408 420 433 551 570 571 
13 26 89 105 123 144 187 203 245 296 298 356 357 410 
8 71 120 122 349 415 434 506 551 
17 27 53 59 84 99 131 163 164 187 263 275 377 431 447 519 529 539 
8 138 250 279 288 298 299 499 540 
7 44 156 157 274 386 390 399 
15 18 90 196 225 236 264 373 409 413 427 440 449 507 554 564 
11 1 50 57 96 106 107 119 222 237 413 561 
9 89 102 160 174 278 405 429 565 582 
15 43 53 56 287 289 310 349 380 415 424 448 473 490 493 503 
10 81 167 245 278 297 298 425 525 537 551 
10 34 48 79 113 252 327 370 389 455 551 
13 196 212 239 285 292 302 328 431 451 454 494 495 567 
8 6 10 18 109 215 293 528 544 
11 15 46 148 167 416 504 506 508 537 557 579 
6 51 55 98 193 201 228 
15 2 105 111 115 123 144 155 204 295 327 408 411 474 502 537 
7 7 70 77 166 176 341 581 
13 45 72 100 137 219 239 269 358 415 428 439 475 575 
9 294 392 400 416 433 464 477 562 590 
9 3 73 83 192 195 197 205 291 407 
11 109 112 152 195 215 294 374 387 392 426 494 
13 16 109 179 210 276 306 327 333 351 397 470 555 582 
8 58 97 267 370 423 547 574 585 
17 7 45 67 104 145 146 150 166 212 238 258 277 352 416 447 491 566 
24 65 73 88 96 127 139 164 191 209 213 235 261 272 306 326 430 431 468 478 507 508 531 585 599 
8 19 133 138 188 386 414 469 577 
12 7 30 35 40 142 197 198 216 288 325 361 424 
14 19 73 159 178 246 262 340 363 434 461 476 487 496 542 
20 17 34 64 69 96 99 125 193 213 255 258 277 283 297 320 359 410 414 442 526 
13 41 112 126 139 267 269 308 312 330 389 440 460 487 
10 118 145 217 222 258 262 462 487 529 556 
8 13 14 73 123 153 444 522 526 
7 3 11 63 203 345 460 512 
9 37 71 172 268 275 329 339 395 498 
10 49 84 144 196 243 256 347 447 584 595 
4 56 109 257 533 
7 16 27 28 173 253 543 584 
9 80 81 132 154 157 173 233 327 348 
12 1 65 141 265 326 358 363 429 436 472 584 602 
14 14 45 135 136 139 147 148 177 197 200 330 377 459 522 
7 22 137 145 202 322 394 533 
15 28 56 61 68 132 199 272 300 312 335 441 462 540 573 575 
13 82 83 150 169 179 182 228 247 359 361 367 537 565 
10 29 98 137 154 159 163 167 287 309 447 
11 1 42 106 133 168 312 443 459 476 524 599 
8 32 234 237 242 554 569 610 620 
13 11 49 89 141 167 220 265 332 349 353 408 448 598 
20 22 48 84 95 118 131 185 224 235 268 303 348 374 378 382 439 460 489 533 620 
11 58 64 155 183 269 323 328 385 460 474 509 
13 58 234 281 309 360 397 455 468 516 533 556 567 568 
7 119 209 244 303 311 320 516 
12 53 306 354 367 379 383 386 489 492 534 607 628 
11 78 80 113 177 214 253 337 370 399 452 898 
6 43 68 111 187 408 599 
16 70 187 195 205 216 255 270 276 326 341 400 404 456 525 535 628 
7 88 208 266 269 425 546 555 
9 24 47 66 106 138 309 448 529 591 
11 34 103 128 241 345 402 467 485 538 587 623 
10 96 113 224 269 329 423 426 462 503 515 
13 13 129 154 165 210 234 265 312 319 394 423 535 580 
14 36 59 87 157 174 207 256 322 393 429 465 530 574 591 
9 16 72 130 302 323 352 414 456 550 
9 38 64 161 443 468 509 516 569 622 
14 39 86 120 126 133 221 366 384 449 479 514 540 553 627 
11 26 95 134 166 194 205 280 347 466 524 586 
9 184 231 236 296 358 425 427 432 498 
11 23 48 182 206 209 214 246 336 404 449 596 
10 7 8 21 329 356 395 442 445 484 560 
14 33 87 154 196 244 343 419 488 522 530 568 607 625 631 
5 215 256 299 404 506 
9 54 193 322 330 336 381 418 435 450 
20 2 24 78 105 168 189 225 244 295 302 322 327 337 423 470 489 587 597 614 642 
6 75 107 158 178 249 430 
9 36 70 338 384 394 430 519 555 590 
11 20 46 55 169 216 239 280 370 387 505 525 
8 140 172 242 283 338 379 489 544 
15 59 165 182 188 212 265 312 313 349 454 466 520 521 588 592 
6 207 229 508 557 560 575 
15 103 104 122 157 184 227 314 372 373 481 520 530 563 606 637 
8 12 142 234 236 292 340 561 617 
15 89 109 169 299 315 331 438 524 535 543 555 563 624 639 944 
11 57 65 76 124 177 299 554 580 604 625 630 
8 92 202 214 269 276 300 513 624 
11 2 19 62 69 372 382 411 508 514 553 578 
9 82 122 160 164 213 253 428 585 634 
12 27 34 165 194 242 255 286 292 428 469 481 586 
12 41 57 138 144 196 229 243 249 292 446 509 616 
7 51 137 166 314 398 568 656 
10 85 190 228 270 363 384 435 614 637 662 
12 37 119 191 224 260 325 378 416 429 495 543 574 
8 86 118 493 499 573 580 651 798 
12 9 48 68 77 117 133 312 340 481 509 512 586 
14 2 154 206 289 364 392 414 451 454 473 590 603 611 664 
13 23 163 180 192 291 401 494 495 497 509 587 594 663 
11 15 35 38 87 136 163 336 417 482 528 619 
10 6 65 77 182 187 365 386 391 454 648 
9 28 126 136 243 330 377 444 651 654 
9 107 289 301 343 369 370 494 506 971 
11 7 112 239 246 399 421 473 532 549 576 646 
13 1 67 123 272 292 325 345 349 355 400 510 578 579 
14 13 141 144 159 261 296 317 380 400 444 469 477 575 628 
7 86 219 448 466 471 497 563 
10 30 32 85 187 255 289 352 450 475 650 
7 26 59 191 349 352 403 654 
11 43 265 325 403 456 475 505 518 638 641 754 
6 200 229 336 527 605 646 
12 9 135 164 286 296 301 320 438 507 569 626 679 
10 68 86 199 298 326 411 426 461 582 606 
9 44 132 176 220 280 283 559 612 674 
13 100 163 171 199 249 340 417 442 502 529 599 618 845 
6 8 237 477 626 639 641 
5 13 149 229 494 568 
9 3 124 265 360 369 402 417 617 658 
14 36 64 116 261 268 305 309 336 392 447 503 582 590 684 
9 34 40 113 240 354 368 480 680 689 
10 197 202 222 360 375 382 415 520 534 614 
13 46 86 120 183 193 306 343 347 424 580 612 628 674 
9 44 71 123 281 284 355 365 460 592 
11 16 118 137 164 186 243 247 310 425 448 590 
10 22 63 130 247 360 528 587 618 622 680 
14 54 145 152 155 201 277 292 336 468 499 538 556 627 658 
12 35 52 88 162 185 191 321 423 444 488 514 600 
8 88 130 217 322 441 528 629 665 
18 100 102 137 211 250 351 448 479 489 517 527 535 548 563 570 583 607 662 
16 52 115 145 192 205 339 343 348 519 558 589 590 636 650 695 697 
17 24 66 123 219 224 269 285 286 352 361 391 399 436 589 603 624 679 
11 128 152 214 239 294 428 528 549 554 568 667 
7 108 222 317 360 525 656 657 
10 4 8 89 201 215 251 493 621 644 667 
6 150 296 535 555 646 647 
8 109 153 352 393 562 627 669 686 
11 68 69 101 132 385 425 429 484 584 646 655 
8 228 250 266 267 275 319 345 645 
14 64 145 157 238 296 385 404 428 513 545 592 593 680 684 
11 46 94 155 228 229 239 246 385 559 646 708 
10 73 102 218 300 365 366 454 491 530 551 
8 210 251 252 339 393 539 661 704 
5 3 233 308 482 687 
10 98 157 382 460 521 621 628 657 706 708 
7 4 12 176 190 218 510 543 
7 42 400 453 516 523 596 620 
11 130 165 178 211 319 423 429 490 530 682 687 
19 126 136 193 212 213 293 330 331 354 375 426 435 459 520 534 627 631 649 695 
13 80 169 236 258 385 423 424 456 556 581 695 698 707 
8 6 167 184 224 312 361 557 582 
9 178 248 321 326 399 408 446 576 714 
5 113 179 280 333 368 
7 179 278 424 431 450 635 900 
16 4 14 27 93 148 154 388 391 424 496 508 516 555 559 589 641 
9 8 173 177 337 352 406 420 486 601 
10 40 109 131 144 170 172 385 398 494 705 
9 19 57 153 199 305 400 405 406 518 
10 49 105 153 209 222 368 491 583 597 655 
13 183 189 224 242 257 278 367 383 447 635 671 709 724 
9 74 245 262 334 343 556 560 610 635 
11 69 219 244 277 285 326 354 417 526 624 719 
16 22 67 80 102 118 269 427 475 476 483 489 593 630 703 705 719 
12 61 85 139 366 387 543 624 702 708 713 714 725 
9 186 287 324 421 431 433 505 577 591 
13 11 73 82 187 322 370 414 481 516 575 610 621 714 
5 220 362 443 563 629 
13 25 41 50 91 138 155 281 330 433 457 522 567 605 
14 51 52 72 114 138 152 230 420 467 507 571 573 687 731 
9 42 74 170 184 397 398 418 529 626 
14 6 85 92 185 192 199 214 225 268 335 342 421 467 737 
9 31 85 131 151 298 308 348 615 617 
12 77 104 135 157 161 170 378 422 457 507 533 657 
9 75 115 285 328 368 406 488 573 632 
10 238 241 311 318 336 385 442 523 566 618 
10 167 243 278 285 291 466 603 637 654 723 
8 42 324 367 423 436 437 546 555 
6 3 24 83 414 421 500 
7 11 106 244 325 376 473 654 
16 2 59 206 292 382 404 585 607 619 633 647 687 711 720 726 746 
15 322 368 378 392 406 527 541 543 545 552 564 588 679 693 718 
7 58 157 251 342 571 577 617 
10 157 193 265 410 427 438 524 540 616 630 
17 35 45 84 104 111 262 282 308 338 343 410 420 485 512 637 645 740 
13 76 107 113 128 146 170 197 267 329 550 556 687 713 
10 109 153 278 349 382 472 557 575 597 619 
6 132 170 208 361 560 612 
10 105 197 309 359 386 482 513 647 669 696 
7 103 117 326 423 552 557 750 
6 43 113 117 261 274 346 
12 24 34 60 103 112 177 182 245 270 275 414 560 
9 166 410 417 519 535 542 608 731 935 
13 59 217 221 381 398 409 526 547 583 597 638 643 679 
6 6 8 142 289 645 685 
4 394 453 691 763 
18 57 72 110 238 251 261 307 362 375 443 445 468 498 500 520 583 695 761 
12 88 93 160 210 226 361 505 525 697 742 746 998 
5 18 27 181 211 256 
13 48 65 121 186 230 238 275 292 527 554 618 696 731 
7 23 69 141 145 229 540 542 
10 67 173 189 192 212 379 469 557 625 726 
7 99 116 126 171 433 679 713 
7 5 10 265 285 461 491 937 
10 65 73 470 484 506 512 649 694 728 745 
7 55 193 446 467 598 678 771 
3 70 131 708 
13 108 140 217 231 305 328 349 472 493 523 646 673 711 
4 250 506 530 766 
9 42 195 227 324 547 577 587 682 770 
9 40 175 285 294 420 517 630 663 686 
7 9 211 402 535 553 733 773 
9 242 411 548 554 568 603 618 699 702 
13 34 80 112 118 182 187 348 364 511 539 655 684 737 
11 159 179 239 298 319 331 358 580 603 712 755 
9 22 43 84 91 209 408 500 501 765 
8 56 296 327 342 436 523 538 587 
8 154 181 257 291 298 471 551 657 
8 181 287 305 441 450 497 644 660 
12 184 245 268 319 328 459 551 566 578 684 694 706 
12 15 96 122 286 295 406 498 516 658 707 709 788 
7 57 210 248 356 661 674 735 
11 156 194 211 253 269 291 469 527 542 555 689 
12 32 46 50 115 128 145 201 243 370 538 579 676 
10 15 42 61 161 212 329 336 351 436 569 
10 102 132 290 335 346 373 406 614 633 769 
8 8 139 253 364 443 446 456 631 
13 14 64 114 121 134 269 281 350 550 560 690 696 775 
6 266 328 381 454 590 794 
9 78 237 318 400 453 589 632 692 774 
5 2 50 78 212 356 
9 15 41 97 159 400 410 600 693 771 
16 8 19 58 124 220 229 361 499 500 518 575 595 614 676 714 792 
10 139 241 263 281 347 369 459 492 593 772 
11 35 117 157 169 205 227 300 344 374 442 463 
9 33 177 212 355 398 516 728 788 803 
16 39 46 57 105 111 123 168 227 248 342 371 420 447 524 739 784 
4 23 293 540 695 
5 2 117 170 185 663 
9 140 154 269 275 307 408 430 756 796 
7 51 137 200 300 401 450 785 
11 8 69 332 392 417 425 595 618 714 745 796 
9 126 225 308 327 353 495 642 699 786 
10 5 22 105 238 252 444 503 522 675 788 
13 5 65 76 88 91 148 231 256 368 394 467 479 712 
9 45 83 175 190 239 299 301 574 767 
13 12 119 276 291 317 329 381 404 431 594 725 763 795 
6 150 374 402 483 582 700 
4 78 230 621 638 
9 48 124 237 369 465 620 757 782 812 
8 100 276 310 355 500 694 724 796 
12 15 18 156 168 294 316 378 584 700 741 745 778 
11 77 187 223 245 283 354 394 467 689 758 799 
10 214 268 291 412 573 574 617 642 720 727 
7 121 266 296 398 748 799 808 
8 140 282 341 389 394 513 789 822 
11 155 157 168 181 296 315 486 504 595 617 808 
8 189 272 292 307 374 393 671 679 
3 120 214 399 
6 83 158 335 384 479 827 
11 200 283 289 292 367 410 536 659 694 767 782 
4 5 181 266 747 
10 117 128 197 371 378 511 685 703 731 769 
11 187 284 299 309 332 339 420 470 521 606 654 
14 29 91 105 139 271 329 361 427 456 515 696 710 773 795 
14 19 189 263 445 446 472 492 605 660 673 674 685 728 794 
9 7 20 51 218 283 318 345 514 623 
15 39 53 61 156 320 366 460 526 546 691 693 708 734 814 833 
9 32 229 302 322 370 554 669 686 714 
9 423 441 444 470 489 560 666 740 823 
14 66 142 225 286 392 455 531 596 645 727 748 811 828 837 
12 29 113 116 158 277 333 462 702 707 755 821 833 
12 100 164 171 249 302 323 361 416 445 552 702 805 
20 46 108 114 135 165 202 266 278 307 317 398 399 471 512 626 657 659 728 745 753 
4 190 377 749 777 
7 30 148 348 488 586 623 713 
9 28 219 290 397 542 608 685 816 825 
4 39 477 523 832 
9 108 326 388 459 541 555 673 731 764 
10 32 180 291 309 336 425 547 562 596 729 
12 116 120 182 265 289 346 375 415 583 668 735 781 
12 281 293 392 504 540 676 684 709 759 785 826 830 
6 289 433 490 519 700 747 
11 168 244 300 316 417 468 485 545 695 798 813 
12 152 214 223 342 422 436 523 538 594 737 803 819 
12 1 51 101 155 174 277 324 393 629 648 711 775 
11 49 102 151 268 411 604 612 647 741 769 820 
5 3 303 368 647 742 
9 61 168 179 397 401 438 472 507 804 
9 335 346 354 372 377 517 521 564 681 
7 59 219 256 321 401 490 831 
10 58 95 182 275 372 393 565 636 656 704 
11 144 237 253 325 334 342 395 584 613 704 747 
5 290 386 492 549 749 
10 47 75 142 161 268 407 718 743 793 850 
14 153 236 280 281 398 404 470 484 485 512 555 612 755 790 
9 97 103 180 264 287 305 347 441 839 
11 33 92 205 277 390 480 503 606 688 726 797 
11 160 170 258 261 356 398 432 445 730 754 800 
11 47 124 129 358 370 438 484 491 712 714 848 
14 53 124 147 179 330 387 402 492 497 537 736 813 829 840 
10 3 5 83 311 364 541 596 599 639 864 
9 117 131 187 249 357 511 530 667 761 
7 79 105 175 316 535 549 861 
10 19 192 357 360 377 456 527 627 749 850 
13 90 102 116 241 354 358 412 455 512 687 704 858 859 
8 6 10 140 159 294 353 507 835 
5 15 339 501 617 840 
12 26 42 162 175 361 422 436 461 611 659 681 872 
11 61 74 80 173 219 284 296 360 424 525 580 
5 71 234 351 376 587 
13 40 104 109 157 175 241 285 314 440 501 787 844 846 
18 108 229 269 272 296 358 393 434 435 471 489 506 562 605 722 754 857 861 
8 12 80 176 257 346 416 778 784 
8 186 191 201 203 297 539 568 855 
12 31 44 156 177 261 289 292 337 351 496 668 752 
11 205 326 343 424 646 680 702 773 798 858 875 
6 312 391 442 588 698 821 
9 44 252 265 470 497 503 802 858 869 
10 267 341 394 401 552 611 627 715 776 862 
7 108 230 334 424 491 721 786 
16 18 94 149 229 298 351 357 411 415 446 488 747 784 804 826 856 
9 323 324 516 544 766 772 874 885 886 
9 3 91 93 134 206 269 434 679 793 
7 32 43 111 428 501 831 890 
11 56 287 302 305 381 389 435 771 775 780 885 
6 254 446 667 761 801 843 
10 45 47 48 60 299 390 450 531 791 863 
7 14 238 260 363 475 491 498 
10 34 42 142 209 219 410 524 525 584 658 
10 12 18 115 288 335 343 502 666 731 880 
12 179 254 425 443 445 588 604 728 730 775 864 881 
15 3 18 35 84 314 337 401 404 407 508 596 627 710 766 782 
4 323 536 571 858 
14 67 173 178 282 328 471 532 611 669 674 726 804 822 854 
17 1 24 120 154 169 300 309 361 408 424 634 765 813 830 841 869 896 
14 18 43 97 148 149 160 237 347 405 574 582 596 632 770 
11 156 363 371 411 454 469 566 664 792 842 900 
6 8 166 387 665 696 897 
7 170 211 507 548 680 801 904 
11 76 372 505 644 677 724 747 787 824 879 893 
12 98 115 117 144 246 276 381 430 487 563 574 721 
10 35 333 359 416 464 669 693 717 781 798 
12 190 210 215 231 319 375 427 449 686 734 835 902 
12 20 178 252 325 493 545 733 805 812 841 843 846 
6 76 445 584 705 788 847 
12 40 44 59 213 396 492 693 783 810 826 834 861 
13 217 252 269 276 369 389 404 459 468 477 565 725 779 
13 50 200 242 286 298 512 529 561 577 612 855 883 914 
16 187 234 295 311 346 380 427 443 455 470 492 528 657 682 879 889 
7 305 310 560 563 589 622 887 
10 35 54 328 385 411 501 521 577 774 909 
9 3 319 489 529 614 637 779 789 827 
13 46 89 109 252 406 407 519 523 647 728 883 893 907 
15 17 99 152 390 474 525 574 656 685 721 731 741 794 901 908 
13 125 129 174 313 314 514 684 753 799 831 843 889 917 
8 17 188 742 819 832 856 888 899 
10 133 173 174 336 438 450 467 589 850 908 
13 115 359 380 412 453 460 496 512 529 581 725 738 874 
11 52 141 198 498 563 585 643 645 722 735 892 
12 13 50 65 237 319 367 472 555 607 685 711 885 
10 7 49 244 396 405 568 612 652 680 919 
9 6 324 383 396 455 764 789 819 896 
9 115 167 258 568 586 696 706 793 881 
10 76 237 374 429 477 518 609 653 673 842 
9 61 198 247 446 479 567 612 710 733 
11 108 134 164 165 234 261 309 496 587 796 800 
11 15 31 98 173 318 361 373 445 567 638 729 
8 53 59 94 111 417 458 475 686 
7 137 206 258 512 570 597 684 
8 103 317 361 658 721 765 793 822 
3 229 448 639 
17 89 99 214 288 289 403 409 441 460 495 515 520 639 659 729 743 928 
8 21 235 267 375 606 627 801 861 
12 77 488 545 556 601 602 627 639 660 666 723 756 
9 124 214 240 247 308 569 627 870 934 
20 67 106 162 180 189 198 316 370 462 466 474 489 581 593 609 650 799 870 886 889 
5 128 184 361 366 429 
10 186 197 335 471 531 532 562 807 899 913 
7 3 190 284 374 536 807 914 
9 67 145 372 399 712 721 833 837 862 
9 250 316 327 372 389 456 669 708 776 
8 426 454 671 690 748 909 926 933 
9 30 254 346 566 637 714 792 838 840 
8 22 42 129 510 641 647 679 938 
13 154 255 258 333 339 423 512 516 521 531 548 585 628 
19 24 103 130 168 220 284 294 471 506 538 607 612 686 691 708 780 852 861 862 
9 13 74 342 405 457 488 510 622 685 
3 136 142 313 
10 88 104 226 459 501 531 735 801 887 898 
7 105 266 267 344 486 633 655 
13 106 119 214 309 401 628 697 838 861 882 893 920 921 
12 111 215 258 317 592 680 692 756 765 821 824 918 
9 312 335 453 584 691 707 841 943 956 
10 48 387 389 395 487 493 590 614 806 820 
15 82 169 200 208 480 518 596 637 642 645 673 741 824 829 938 
9 12 197 253 433 522 623 684 705 854 
4 102 366 686 943 
8 63 138 279 336 488 558 577 836 
9 388 442 586 801 808 817 818 911 936 
10 278 432 452 544 575 712 737 840 844 936 
10 3 90 119 278 404 470 492 526 922 958 
13 188 318 344 364 388 472 503 513 538 606 667 695 863 
11 7 277 360 428 464 702 748 809 822 919 967 
13 6 78 125 149 180 231 295 370 397 430 552 679 865 
10 99 187 304 471 595 620 646 774 794 910 
9 65 121 331 374 380 410 511 706 965 
8 23 80 100 304 449 467 752 829 
12 66 382 391 449 542 546 557 723 778 829 917 949 
6 7 161 400 476 509 895 
9 32 83 319 332 507 677 709 773 796 
15 6 42 115 215 278 478 527 584 588 664 695 745 752 855 895 
12 54 78 374 435 473 597 599 660 668 679 832 864 
13 144 155 186 334 354 423 484 598 762 770 825 839 945 
10 215 284 391 484 506 714 809 813 903 980 
6 197 380 459 487 593 686 
11 13 76 90 470 483 564 568 646 802 812 908 
10 125 171 379 494 532 581 702 735 785 803 
9 72 217 260 267 282 342 538 690 761 
16 32 213 315 536 556 644 663 735 803 819 828 885 889 894 908 923 
5 87 111 185 549 837 
16 81 163 167 309 539 553 581 585 608 647 679 697 772 778 825 916 
9 14 230 282 433 439 718 837 876 979 
11 69 246 402 412 506 609 740 844 864 870 873 
13 24 75 122 203 317 320 475 477 639 704 765 774 780 
5 119 574 721 844 965 
11 19 22 40 298 306 422 699 835 847 881 920 
14 224 369 375 422 510 575 683 761 769 776 808 856 919 943 
12 81 309 316 448 556 852 858 862 884 898 914 988 
13 5 37 223 284 302 422 423 549 632 646 782 819 848 
15 12 14 29 37 165 176 197 223 284 404 451 469 720 818 955 
9 261 324 422 455 474 635 700 757 827 
13 13 111 122 300 335 370 512 585 692 716 808 818 901 
