100
1 1 
2 1 2 
3 1 2 3 
3 1 2 3 
4 1 2 4 5 
6 1 2 3 5 6 25 
6 1 2 3 4 6 7 
7 1 2 3 4 6 7 8 
3 2 7 8 
3 1 5 10 
6 1 2 3 9 10 11 
6 1 5 6 7 11 12 
2 3 4 
10 1 2 3 5 6 8 9 10 11 14 
4 5 11 13 15 
5 1 6 8 12 15 
11 1 2 4 5 6 7 11 12 13 15 17 
7 3 5 7 9 12 13 14 
7 4 5 9 11 14 18 19 
3 14 17 18 
5 8 11 17 18 20 
6 1 7 17 20 21 22 
4 2 4 18 21 
7 1 6 10 14 15 16 23 
6 4 5 8 14 18 23 
5 2 3 6 17 18 
5 5 12 19 23 25 
7 6 7 11 16 21 25 27 
8 10 12 16 19 20 23 28 29 
7 1 6 7 11 14 23 29 
3 4 25 26 
4 18 25 28 31 
14 3 4 6 7 8 10 12 14 21 22 27 30 31 33 
3 7 16 24 
5 2 16 26 34 35 
5 1 9 12 18 20 
4 14 22 26 27 
3 10 24 34 
4 2 9 12 21 
0 
7 10 19 22 28 30 35 39 
6 1 10 14 27 31 35 
3 9 24 25 
2 5 19 
4 19 20 35 39 
7 2 10 11 26 28 30 38 
8 2 7 12 17 25 32 40 43 
11 4 11 22 23 28 30 36 38 39 42 43 
3 19 29 49 
10 7 15 16 21 22 24 31 36 39 40 
6 3 16 19 39 40 49 
6 1 8 12 23 30 33 
7 8 26 32 34 39 43 48 
4 2 19 34 46 
9 2 9 11 44 45 46 51 52 53 
6 5 24 31 37 42 48 
6 13 29 35 36 50 51 
4 1 26 40 48 
10 4 7 17 26 27 29 34 39 44 59 
5 3 37 42 48 52 
9 7 18 28 36 37 46 53 58 61 
9 1 3 23 29 38 44 46 57 60 
6 6 28 42 48 62 63 
10 1 3 5 25 28 30 31 52 58 60 
9 9 16 21 38 43 45 51 53 64 
5 7 13 23 42 51 
5 6 15 29 40 47 
5 1 31 51 59 65 
7 15 21 46 55 59 60 62 
8 5 14 16 19 26 36 49 57 
9 8 10 20 35 42 44 56 61 62 
12 5 8 13 21 31 32 39 45 58 61 63 65 
7 10 30 36 57 59 60 70 
7 10 49 65 66 67 70 73 
6 3 16 21 32 45 46 
9 2 11 23 33 34 57 58 70 75 
10 16 18 33 36 47 48 56 57 63 75 
3 8 19 24 
11 4 8 11 20 27 43 45 47 66 67 68 
8 1 15 26 27 29 30 51 69 
10 9 14 22 50 60 64 65 68 75 77 
3 2 42 46 
9 11 17 27 37 46 47 57 66 80 
4 37 42 50 72 
5 16 32 47 56 81 
8 18 20 40 42 43 50 65 79 
6 8 13 19 22 47 51 
5 6 12 45 58 60 
3 11 53 59 
2 70 84 
3 47 77 83 
8 2 50 54 60 62 68 74 75 
4 24 50 54 67 
10 12 20 30 39 53 54 58 63 93 94 
7 32 41 51 59 74 76 85 
9 3 4 17 53 75 78 79 84 96 
5 11 19 20 24 72 
3 8 34 97 
10 1 11 13 35 36 37 39 47 67 80 
3 47 61 90 
