100
1 1 
2 1 2 
3 1 2 3 
3 1 2 3 
3 1 3 4 
4 1 2 5 6 
3 2 6 7 
6 2 3 5 6 7 8 
3 3 5 9 
7 1 2 4 6 7 8 10 
7 1 2 3 5 6 7 10 
4 2 6 7 8 
6 1 4 5 6 11 12 
3 4 10 11 
8 1 3 6 7 8 9 13 14 
8 2 3 5 7 8 14 15 16 
6 4 5 6 12 14 17 
8 1 2 4 6 12 13 15 16 
3 5 8 17 
5 1 9 12 15 17 
9 1 2 6 8 12 16 17 18 19 
7 2 6 7 9 14 16 21 
2 2 19 
5 4 8 11 15 20 
4 4 7 8 10 
7 5 9 14 15 16 19 23 
4 7 18 21 25 
3 4 16 17 
8 2 5 9 18 20 22 25 27 
7 1 2 5 8 20 22 28 
10 2 3 8 13 15 17 19 23 27 31 
8 2 3 5 7 10 13 19 29 
1 3 
9 2 5 13 19 21 22 23 30 32 
7 2 9 11 25 31 33 35 
6 3 7 12 15 22 29 
9 1 9 12 15 22 25 26 29 34 
5 2 7 14 30 32 
5 14 17 23 24 27 
4 11 12 16 30 
8 4 8 12 24 31 34 36 40 
7 7 21 22 23 27 34 39 
8 5 11 18 26 32 40 42 43 
7 2 8 11 13 20 25 34 
5 2 12 16 23 31 
11 1 3 9 11 25 33 36 40 42 44 46 
6 4 5 6 10 16 17 
6 6 23 28 32 33 40 
5 1 11 18 19 20 
7 7 8 14 17 20 28 35 
3 6 35 43 
8 6 11 12 16 22 26 44 47 
1 35 
1 40 
5 10 14 17 31 47 
8 5 19 31 34 39 47 49 56 
5 7 14 16 36 55 
3 2 53 58 
4 41 48 51 58 
7 12 17 33 38 47 48 52 
7 7 8 10 26 29 53 56 
13 1 12 15 21 33 36 38 44 47 51 52 54 56 
2 11 20 
5 6 8 12 25 29 
10 2 14 16 27 30 34 35 48 60 63 
5 21 40 44 60 63 
7 9 25 30 37 39 48 56 
7 22 35 42 53 54 56 66 
8 1 24 33 40 55 63 68 69 
6 3 10 18 35 64 65 
2 18 68 
6 1 36 55 56 57 61 
8 17 37 43 44 49 50 60 71 
9 12 22 25 34 38 41 44 67 70 
6 1 13 37 39 68 69 
9 12 33 34 49 50 55 57 64 66 
7 2 17 31 43 56 68 73 
8 1 15 23 31 41 60 62 63 
5 36 48 65 74 79 
6 38 47 57 61 70 77 
6 2 49 64 65 70 72 
5 6 39 53 58 59 
4 14 39 61 74 
4 9 10 19 20 
6 3 8 27 39 47 81 
10 7 18 23 37 39 48 73 76 77 81 
6 3 4 8 42 44 67 
12 2 4 5 6 14 18 26 32 38 44 49 73 
7 22 23 24 50 61 78 88 
9 24 38 41 46 59 68 70 80 90 
6 2 6 7 28 71 76 
8 2 8 9 17 24 55 57 92 
7 1 14 32 48 71 83 90 
5 5 14 37 72 74 
7 17 18 25 51 62 65 80 
7 5 9 24 37 61 73 91 
4 39 47 50 95 
5 47 49 68 75 79 
7 9 19 33 56 90 91 95 
11 5 11 15 26 36 41 66 72 80 92 94 
