100
1 1 
2 1 2 
3 1 2 3 
4 1 2 3 4 
3 2 4 5 
3 1 5 6 
4 4 5 6 7 
4 1 3 5 6 
3 7 8 9 
6 1 2 3 4 8 10 
3 1 5 6 
1 6 
7 1 2 3 7 8 10 11 
4 3 6 10 11 
4 7 8 11 14 
5 3 5 8 14 16 
3 2 3 14 
4 3 4 8 10 
7 1 3 7 11 15 16 19 
7 7 9 11 15 17 18 19 
5 5 6 8 13 14 
7 1 3 4 5 11 14 20 
8 4 5 15 18 21 23 65 85 
9 3 4 5 8 11 13 15 17 19 
4 4 8 9 11 
9 1 9 13 16 17 19 21 22 25 
8 1 3 5 9 10 14 16 26 
5 2 11 12 18 22 
3 3 7 18 
8 1 3 5 6 7 15 17 28 
2 24 27 
5 4 15 20 25 32 
11 2 3 8 10 13 19 21 23 25 27 32 
7 1 3 6 20 25 34 89 
9 2 11 15 16 18 19 20 26 32 
8 5 6 23 24 25 26 27 30 
4 11 28 31 33 
9 2 3 6 10 22 25 27 37 38 
8 2 7 10 11 14 19 20 33 
5 7 16 19 29 34 
8 9 10 13 25 28 31 32 34 
5 7 16 17 22 24 
3 14 24 41 
8 2 9 13 21 24 37 42 43 
7 2 11 26 29 30 38 39 
3 12 14 21 
7 12 18 33 35 37 46 66 
6 3 16 17 27 29 45 
8 10 19 21 25 26 34 38 48 
8 4 9 23 30 40 43 45 48 
6 9 16 34 36 46 50 
3 9 39 51 
10 2 8 16 19 21 23 32 35 46 51 
3 30 44 50 
5 25 29 33 46 52 
6 2 25 27 35 40 55 
3 18 25 46 
4 4 6 35 56 
5 3 9 25 43 59 
3 7 13 59 
6 2 6 22 29 32 35 
4 18 20 29 58 
6 9 10 26 32 37 55 
4 3 13 49 53 
9 1 7 32 40 43 47 49 55 64 
5 6 13 20 51 64 
6 13 18 48 56 59 62 
5 17 42 45 47 57 
8 4 6 8 13 28 38 40 43 
4 5 28 39 45 
6 4 6 9 13 28 70 
11 7 17 21 25 32 35 44 46 60 66 72 
9 6 7 13 19 23 39 54 60 67 
6 3 10 17 54 58 66 
8 18 19 21 33 38 57 66 75 
8 12 19 25 36 39 40 45 64 
9 4 9 16 31 35 48 51 63 70 
4 2 3 7 8 
10 5 6 8 16 38 42 57 66 72 76 
12 4 13 20 21 28 32 37 43 49 52 53 58 
10 24 32 41 43 45 49 50 56 78 81 
6 12 17 31 45 56 63 
5 8 34 37 48 79 
11 9 10 12 22 34 42 45 50 55 65 79 
11 6 22 26 27 31 37 42 59 61 69 71 
5 1 58 59 65 71 
7 3 4 6 36 64 67 68 
10 2 8 10 28 32 35 47 70 80 87 
6 21 24 25 41 55 71 
7 5 37 49 53 65 75 76 
5 47 50 70 84 88 
8 17 21 35 37 56 73 79 85 
6 3 29 32 40 44 72 
1 31 
6 10 31 34 68 74 82 
9 9 15 25 26 39 40 70 86 89 
3 4 73 84 
10 27 30 34 53 64 76 78 81 84 91 
5 39 41 42 70 88 
6 16 42 51 77 84 89 
